function out = OptimalConfig_Kuka()
out =   [0, -90,  -90, -110, -160, -110, -170;
 0,  90,  -90, -110, -160,   70, -170;
 0, -90,  -90,   70, -160, -110, -170;
 0,  90,  -90,   70, -160,   70, -170;
 0, -90,   90, -110, -160, -110,   10;
 0,  90,   90, -110, -160,   70,   10;
 0, -90,   90,   70, -160, -110,   10;
 0,  90,   90,   70, -160,   70,   10;
 0, -90, -130, -110,   20, -110, -130;
 0,  90, -130, -110,   20,   70, -130;
 0, -90, -130,   70,   20, -110, -130;
 0,  90, -130,   70,   20,   70, -130;
 0, -90,   50, -110,   20, -110,   50;
 0,  90,   50, -110,   20,   70,   50;
 0, -90,   50,   70,   20, -110,   50;
 0,  90,   50,   70,   20,   70,   50].*pi/180;
end

