function tx = Tx(x)
tx = [1 0 0 x
    0 1 0 0
    0 0 1 0
    0 0 0 1];
end