function tx = Tyd(x)
tx = [0 0 0 0
    0 0 0 1
    0 0 0 0
    0 0 0 0];
end