function tx = Tz(x)
tx = [1 0 0 0
    0 1 0 0
    0 0 1 x
    0 0 0 1];
end